0.0905
0.1325
0.159
0.181
0.199
0.2195
0.2305
0.247
0.261
0.2685
0.2785
0.2825
0.2965
0.301
0.304
0.314
0.314
0.3195
0.326
0.3335
0.3295
0.3355
0.3375
0.341
0.3445
0.3565
0.356
0.343
0.354
0.3595
0.359
0.3635
0.366
0.3695
0.368
0.3715
0.371
0.376
0.374
0.374
0.3825
0.3795
0.3825
0.3825
0.3855
0.385
0.3935
0.393
0.3865
0.3955
0.3915
0.4015
0.3895
0.399
0.397
0.399
0.3965
0.4005
0.3995
0.4085
0.4035
0.41
0.4015
0.4025
0.411
0.4105
0.414
0.4125
0.4005
0.4155
0.412
0.419
0.4235
0.416
0.4135
0.413
0.415
0.411
0.4085
0.4235
0.4165
0.426
0.429
0.423
0.417
0.4335
0.4265
0.4215
0.437
0.435
0.4285
0.436
0.444
0.434
0.438
0.4385
0.4355
0.442
0.4445
0.45
0.441
0.448
0.4485
0.448
0.4415
0.442
0.4455
0.454
0.4515
0.4475
0.4575
0.45
0.4495
0.4485
0.458
0.459
0.462
0.448
0.4585
0.4505
0.452
0.4555
0.452
0.4495
0.4555
0.45
0.4525
0.466
0.4665
0.4595
0.4665
0.4625
0.4615
0.455
0.4615
0.4695
0.4585
0.459
0.467
0.4625
0.4665
0.4535
0.464
0.473
0.4705
0.4795
0.479
0.476
0.483
0.4735
0.474
0.464
0.4765
0.468
0.471
0.476
0.473
0.479
0.47
0.4855
0.4815
0.481
0.4735
0.472
0.4885
0.482
0.4905
0.484
0.483
0.4885
0.487
0.4825
0.487
0.492
0.4865
0.4945
0.4895
0.489
0.4895
0.4875
0.4905
0.501
0.495
0.496
0.495
0.5025
0.494
0.5
0.492
0.5
0.4935
0.5125
0.5055
0.51
0.5055
0.5055
0.502
0.5135
0.4995
0.507
0.507
0.4995
0.51
0.506
0.509
0.5085
0.5105
0.515
0.5085
0.5095
0.517
0.5095
0.5125
0.5175
0.521
0.51
0.515
0.5205
0.5115
0.522
0.516
0.5195
0.5215
0.521
0.523
0.526
0.522
0.525
0.528
0.5295
0.5205
0.5255
0.5165
0.5325
0.5345
0.533
0.531
0.538
0.535
0.546
0.53
0.535
0.538
0.541
0.544
0.5365
0.5335
0.536
0.548
0.5325
0.549
0.547
0.542
0.542
0.54
0.539
0.545
0.5525
0.548
0.543
0.5485
0.547
0.541
0.557
0.5525
0.555
0.555
0.5555
0.5485
0.5565
0.556
0.553
0.565
0.5565
0.551
0.555
0.5605
0.557
0.568
0.56
0.566
0.567
0.567
0.5735
0.5605
0.565
0.5635
0.5625
0.561
0.564
0.5695
0.56
0.567
0.5645
0.58
0.578
0.5825
0.5755
0.576
0.576
0.5715
0.574
0.5745
0.5765
0.576
0.576
0.567
0.5705
0.5815
0.576
0.574
0.578
0.5735
0.5885
0.5775
0.5755
0.583
0.5755
0.5775
0.5745
0.579
0.5895
0.58
0.586
0.59
0.593
0.5895
0.584
0.5725
0.5945
0.579
0.5885
0.5885
0.584
0.5825
0.59
0.581
0.5885
0.591
0.593
0.5945
0.597
0.5965
0.5995
0.5895
0.59
0.5895
0.597
0.6005
0.6005
0.602
0.5985
0.607
0.5955
0.596
0.595
0.6025
0.596
0.607
0.5945
0.5885
0.601
0.5955
0.6015
0.6115
0.6045
0.6075
0.5915
0.603
0.602
0.6085
0.606
0.605
0.6035
0.5935
0.603
0.5985
0.5975
0.593
0.605
0.601
0.609
0.603
0.6125
0.6035
0.5985
0.606
0.59
0.6035
0.6045
0.6055
0.605
0.6085
0.606
0.603
0.61
0.603
0.6145
0.6135
0.608
0.6125
0.6145
0.6135
0.616
0.622
0.6145
0.611
0.605
0.6175
0.62
0.607
0.6255
0.62
0.618
0.6175
0.6235
0.624
0.6215
0.6325
0.616
0.6245
0.612
0.6225
0.627
0.6245
0.6225
0.6275
0.626
0.629
0.6215
0.628
0.626
0.6305
0.6305
0.638
0.641
0.632
0.6435
0.633
0.633
0.6345
0.635
0.6295
0.6305
0.6385
0.633
0.6425
0.643
0.6475
0.635
0.639
0.6405
0.6435
0.639
0.6355
0.6425
0.6455
0.651
0.6435
0.642
0.6415
0.6415
0.6485
0.6365
0.6485
0.638
0.635
0.6405
0.6555
0.6585
0.651
0.6535
0.6455
0.648
0.6615
0.6525
0.656
0.6555
0.653
0.66
0.6375
0.656
0.652
0.651
0.646
0.6505
0.6585
0.664
0.652
0.6565
0.661
0.6575
0.662
0.6535
0.655
0.6545
0.661
0.6605
0.656
0.6595
0.6605
0.658
0.656
0.657
0.6545
0.664
0.655
0.659
0.6635
0.663
0.6565
0.6635
0.675
0.6695
0.6695
0.6615
0.663
0.664
0.6655
0.6705
0.681
0.66
0.6665
0.667
0.664
0.6605
0.664
0.669
0.6595
0.671
0.665
0.661
0.671
0.6695
0.665
0.669
0.6795
0.659
0.673
0.674
0.6735
0.6715
0.6875
0.676
0.6735
0.6805
0.6665
0.684
0.67
0.6635
0.6655
0.6795
0.6645
0.674
0.6785
0.6745
0.671
0.6685
0.6755
0.6625
0.689
0.6745
0.681
0.671
0.691
0.6775
0.684
0.68
0.686
0.6855
0.6835
0.6865
0.6705
0.678
0.68
0.6715
0.6805
0.685
0.684
0.696
0.6875
0.686
0.6795
0.6905
0.685
0.6915
0.6835
0.685
0.6855
0.6805
0.6865
0.6845
0.692
0.6855
0.698
0.68
0.6895
0.69
0.6935
0.6935
0.6925
0.6905
0.703
0.708
0.7025
0.6955
0.6935
0.7025
0.6955
0.6965
0.698
0.6875
0.6955
0.679
0.69
0.69
0.695
0.6925
0.697
0.6925
0.689
0.6825
0.701
0.6875
0.69
0.702
0.691
0.6895
0.6965
0.699
0.6955
0.6845
0.6975
0.6935
0.6905
0.699
0.694
0.6965
0.706
0.7005
0.706
0.699
0.6975
0.6975
0.7
0.698
0.6995
0.6965
0.704
0.711
0.707
0.705
0.7165
0.7085
0.6945
0.697
0.7055
0.6975
0.708
0.7045
0.714
0.7025
0.7115
0.7055
0.714
0.7025
0.7115
0.7095
0.7035
0.711
0.703
0.7165
0.7125
0.708
0.717
0.717
0.705
0.7025
0.709
0.7165
0.7105
0.708
0.7065
0.7125
0.701
0.711
0.714
0.713
0.7215
0.721
0.717
0.724
0.7195
0.7065
0.724
0.7245
0.7145
0.728
0.717
0.7185
0.718
0.7135
0.725
0.7115
0.724
0.722
0.724
0.7225
0.72
0.711
0.719
0.731
0.739
0.7205
0.723
0.731
0.723
0.728
0.723
0.727
0.73
0.734
0.728
0.7265
0.736
0.7335
0.72
0.7275
0.735
0.7205
0.731
0.7355
0.727
0.7335
0.7325
0.732
0.7275
0.7355
0.7295
0.7235
0.7285
0.7315
0.7285
0.7435
0.742
0.7335
0.7285
0.7375
0.7375
0.7345
0.736
0.7405
0.7275
0.7275
0.7335
0.73
0.746
0.741
0.7405
0.7365
0.744
0.741
0.736
0.7375
0.7395
0.735
0.74
0.742
0.742
0.7425
0.735
0.7375
0.742
0.728
0.741
0.7445
0.726
0.741
0.7445
0.74
0.7385
0.7525
0.7385
0.7435
0.739
0.7415
0.7355
0.741
0.7465
0.737
0.746
0.7325
0.746
0.733
0.7395
0.741
0.7495
0.7455
0.7475
0.743
0.7405
0.749
0.749
0.737
0.7335
0.7385
0.7375
0.743
0.7375
0.7345
0.7475
0.746
0.7495
0.739
0.738
0.7385
0.745
0.742
0.74
0.743
0.7495
0.743
0.7515
0.7435
0.7455
0.7525
0.751
0.753
0.748
0.738
0.7445
0.752
0.743
0.7445
0.742
0.7455
0.751
0.7435
0.756
0.7435
0.7555
0.7425
0.758
0.7555
0.75
0.7575
0.755
0.764
0.744
0.7515
0.7575
0.7645
0.763
0.7475
0.761
0.76
0.7485
0.7505
0.7555
0.7595
0.7495
0.7665
0.766
0.7535
0.757
0.7525
0.7625
0.753
0.7465
0.75
0.753
0.751
0.7505
0.761
0.7585
0.7585
0.746
0.7595
0.7565
0.7535
0.7515
0.756
0.7455
0.748
0.7635
0.7545
0.767
0.7575
0.7515
0.765
0.7495
0.7535
0.76
0.7625
0.753
0.762
0.753
0.7555
0.761
0.7585
0.7595
0.757
0.7565
0.7615
0.76
0.7585
0.757
0.7625
0.766
0.7665
0.763
0.7535
0.7715
0.7655
0.7565
0.761
0.757
0.7585
0.7585
0.7705
0.7545
0.7715
0.7615
0.7695
0.77
0.765
0.7635
0.7675
0.7655
0.7685
0.762
0.7615
0.7705
0.7665
0.7615
0.765
0.773
0.7665
0.764
0.765
0.766
0.76
0.7635
0.7665
0.768
0.7695
0.764
0.7565
0.759
0.7445
0.7525
0.763
0.7575
0.764
0.7645
0.754
0.7645
0.767
0.764
0.754
0.759
0.7585
0.763
0.771
0.7665
0.7555
0.766
0.759
0.7605
0.7635
0.7715
0.763
0.751
0.7565
0.761
0.7575
0.764
0.7605
0.7575
0.754
0.7605
0.7645
0.749
0.76
0.766
0.7615
0.7515
0.7645
0.7625
0.762
0.7605
0.773
0.7685
0.7615
0.7685
0.7645
0.7645
0.7675
0.766
0.7655
