0.1985
0.2255
0.257
0.2875
0.3
0.315
0.3335
0.3365
0.3745
0.664
0.5115
0.445
0.4255
0.4005
0.413
0.4145
0.42
0.434
0.4545
0.52
0.5115
0.509
0.52
0.498
0.5075
0.51
0.504
0.5045
0.5215
0.5155
0.5095
0.534
0.5355
0.547
0.5265
0.5435
0.554
0.5535
0.549
0.5435
0.5585
0.549
0.579
0.547
0.5555
0.5665
0.5865
0.57
0.56
0.578
0.574
0.591
0.5905
0.591
0.585
0.5915
0.5725
0.599
0.583
0.6105
0.617
0.618
0.6155
0.6265
0.624
0.615
0.623
0.627
0.62
0.6345
0.6435
0.641
0.6475
0.6475
0.655
0.6445
0.6425
0.6555
0.657
0.672
0.664
0.669
0.674
0.6595
0.667
0.701
0.7115
0.687
0.7
0.7025
0.7
0.733
0.7285
0.716
0.718
0.7375
0.7435
0.7265
0.74
0.729
0.744
0.769
0.767
0.772
0.7545
0.755
0.7765
0.7795
0.7865
0.78
0.8025
0.7875
0.787
0.799
0.826
0.8045
0.799
0.7935
0.8225
0.8205
0.8175
0.8245
0.833
0.835
0.852
0.8545
0.8445
0.8605
0.8605
0.8555
0.87
0.873
0.876
0.871
0.8915
0.901
0.891
0.8885
0.9035
0.8865
0.893
0.881
0.91
0.922
0.929
0.936
0.9125
0.927
0.9335
0.924
0.933
0.925
0.9585
0.9455
0.943
0.962
0.9635
0.9575
0.961
0.9865
0.973
0.987
0.98
0.9885
0.999
0.9935
1.0045
1.0025
1.018
1.0275
1.025
1.0245
1.0315
1.0435
1.0325
1.0445
1.05
1.0585
1.058
1.054
1.057
1.0575
1.051
1.062
1.065
1.08
1.0735
1.0775
1.0625
1.0935
1.083
1.096
1.0915
1.102
1.105
1.115
1.1055
1.1095
1.0915
1.1105
1.107
1.1125
1.1195
1.107
1.1045
1.113
1.1245
1.132
1.1275
1.1255
1.132
1.13
1.1375
1.1655
1.169
1.1575
1.1635
1.165
1.148
1.163
1.1655
1.164
1.174
1.1765
1.182
1.195
1.1905
1.2045
1.2005
1.2045
1.1905
1.2035
1.1845
1.203
1.209
1.2105
1.2215
1.2225
1.216
1.231
1.213
1.224
1.22
1.2185
1.23
1.2215
1.2255
1.2235
1.241
1.221
1.2415
1.242
1.233
1.23
1.2295
1.2285
1.2445
1.2455
1.251
1.2405
1.2445
1.2435
1.2405
1.2605
1.254
1.254
1.2575
1.2555
1.249
1.2625
1.2655
1.2605
1.2715
1.271
1.266
1.2635
1.271
1.269
1.282
1.284
1.284
1.292
1.291
1.301
1.28
1.2915
1.2865
1.283
1.29
1.289
1.2915
1.285
1.291
1.298
1.3135
1.3065
1.313
1.307
1.3055
1.3145
1.321
1.323
1.324
1.3305
1.3245
1.327
1.3145
1.321
1.33
1.3235
1.321
1.33
1.3235
1.343
1.3285
1.333
1.3355
1.324
1.323
1.319
1.3235
1.338
1.3335
1.3375
1.3375
1.34
1.339
1.3375
1.318
1.3425
1.3235
1.3335
1.3395
1.331
1.3285
1.3395
1.3285
1.336
1.339
1.343
1.35
1.3485
1.3485
1.354
1.3465
1.3495
1.3495
1.3515
1.3595
1.364
1.371
1.3615
1.364
1.3505
1.3555
1.3535
1.3595
1.3505
1.363
1.348
1.345
1.357
1.354
1.362
1.372
1.3695
1.3715
1.357
1.3735
1.3715
1.38
1.375
1.3745
1.3785
1.372
1.384
1.378
1.3775
1.371
1.3815
1.3805
1.3925
1.385
1.393
1.388
1.378
1.3885
1.376
1.3945
1.392
1.3955
1.394
1.4
1.398
1.396
1.4
1.3905
1.4015
1.399
1.3975
1.403
1.4085
1.4025
1.41
1.416
1.4065
1.4055
1.4015
1.4135
1.415
1.403
1.4235
1.4155
1.4145
1.413
1.4235
1.4235
1.4205
1.4325
1.4145
1.432
1.415
1.425
1.428
1.425
1.42
1.4305
1.4285
1.4325
1.4245
1.432
1.427
1.428
1.4295
1.436
1.437
1.428
1.4395
1.4265
1.4295
1.434
1.4295
1.4225
1.425
1.4365
1.432
1.4425
1.442
1.4435
1.433
1.437
1.4365
1.443
1.4425
1.444
1.4555
1.4585
1.464
1.4585
1.457
1.4565
1.451
1.459
1.4495
1.46
1.451
1.4455
1.4495
1.466
1.4715
1.463
1.4655
1.454
1.458
1.469
1.459
1.4635
1.466
1.463
1.4725
1.4505
1.47
1.466
1.4645
1.4615
1.4655
1.4725
1.478
1.4645
1.4665
1.4735
1.4685
1.4775
1.468
1.4715
1.47
1.478
1.479
1.476
1.4775
1.4835
1.482
1.4835
1.4825
1.4755
1.488
1.4825
1.4855
1.488
1.491
1.486
1.4955
1.5055
1.4975
1.501
1.4915
1.492
1.4875
1.49
1.498
1.51
1.4875
1.494
1.498
1.4945
1.493
1.497
1.501
1.491
1.503
1.4985
1.496
1.5055
1.5055
1.504
1.5075
1.5185
1.498
1.5105
1.511
1.5125
1.509
1.524
1.511
1.5085
1.518
1.5005
1.5175
1.502
1.4955
1.4985
1.5115
1.496
1.506
1.513
1.508
1.501
1.497
1.505
1.4915
1.5185
1.5025
1.5075
1.498
1.5185
1.5065
1.5115
1.509
1.5145
1.5125
1.509
1.5115
1.494
1.502
1.505
1.496
1.5055
1.5115
1.5075
1.52
1.513
1.513
1.504
1.518
1.514
1.522
1.515
1.517
1.5175
1.512
1.519
1.516
1.525
1.5155
1.528
1.508
1.5205
1.52
1.5205
1.519
1.5205
1.5145
1.5275
1.532
1.5265
1.5185
1.5185
1.5305
1.524
1.5255
1.5285
1.518
1.5245
1.5065
1.52
1.5185
1.525
1.524
1.5305
1.5255
1.5225
1.5135
1.5315
1.522
1.5235
1.539
1.529
1.527
1.535
1.5345
1.531
1.52
1.5345
1.5295
1.529
1.5345
1.525
1.528
1.538
1.532
1.541
1.533
1.532
1.5325
1.5325
1.53
1.532
1.53
1.5405
1.549
1.545
1.541
1.5525
1.5435
1.53
1.5325
1.5405
1.5325
1.545
1.5405
1.55
1.5385
1.5475
1.5425
1.5515
1.5385
1.5485
1.5465
1.5395
1.544
1.538
1.55
1.5465
1.541
1.5505
1.549
1.5375
1.535
1.54
1.547
1.539
1.542
1.5405
1.5465
1.534
1.5445
1.547
1.5435
1.553
1.55
1.548
1.552
1.546
1.535
1.555
1.557
1.544
1.5605
1.5495
1.552
1.5505
1.546
1.5575
1.5455
1.5575
1.5575
1.5585
1.558
1.5555
1.5485
1.5565
1.5675
1.575
1.559
1.56
1.5665
1.559
1.5655
1.5575
1.5635
1.5675
1.5735
1.567
1.565
1.5735
1.57
1.557
1.564
1.572
1.557
1.5655
1.573
1.5635
1.572
1.568
1.567
1.5625
1.5715
1.565
1.559
1.566
1.568
1.5655
1.583
1.581
1.5695
1.5645
1.573
1.5765
1.569
1.569
1.5755
1.5615
1.5625
1.567
1.562
1.5785
1.5745
1.5745
1.573
1.58
1.5755
1.573
1.5735
1.5735
1.573
1.5745
1.578
1.578
1.5815
1.573
1.574
1.58
1.564
1.577
1.5805
1.5605
1.575
1.5785
1.5715
1.57
1.5855
1.5705
1.577
1.572
1.5755
1.5695
1.578
1.5795
1.5705
1.5795
1.5645
1.578
1.5635
1.5705
1.5725
1.582
1.5785
1.5785
1.574
1.5765
1.583
1.5835
1.574
1.5695
1.5745
1.571
1.577
1.5705
1.5695
1.5825
1.5815
1.587
1.5745
1.573
1.5725
1.5825
1.5765
1.5755
1.577
1.584
1.578
1.5865
1.5795
1.5825
1.591
1.589
1.5915
1.5845
1.5725
1.578
1.585
1.576
1.5775
1.5765
1.579
1.583
1.575
1.588
1.5755
1.588
1.5755
1.591
1.587
1.5815
1.588
1.5885
1.599
1.5785
1.585
1.59
1.6
1.5975
1.5825
1.5945
1.5945
1.5815
1.5845
1.5885
1.591
1.5815
1.6
1.5985
1.5855
1.5885
1.5855
1.594
1.585
1.5745
1.5765
1.581
1.5755
1.574
1.586
1.583
1.584
1.5705
1.585
1.583
1.58
1.5795
1.5855
1.5765
1.579
1.594
1.587
1.598
1.5885
1.583
1.5965
1.5825
1.588
1.594
1.596
1.5875
1.5975
1.5875
1.589
1.592
1.591
1.591
1.5895
1.592
1.596
1.5925
1.5895
1.589
1.595
1.601
1.5995
1.5955
1.5865
1.6055
1.5995
1.591
1.597
1.591
1.593
1.592
1.605
1.587
1.6055
1.595
1.6045
1.604
1.6025
1.6015
1.607
1.605
1.607
1.6015
1.6005
1.608
1.607
1.6035
1.6055
1.613
1.607
1.6055
1.6045
1.6075
1.6015
1.605
1.606
1.608
1.6085
1.604
1.597
1.599
1.583
1.591
1.6015
1.5975
1.605
1.604
1.594
1.605
1.6055
1.604
1.594
1.6015
1.5985
1.606
1.613
1.608
1.597
1.61
1.6035
1.6055
1.6065
1.6165
1.6045
1.594
1.5995
1.6015
1.5985
1.6065
1.603
1.6015
1.6
1.6065
1.611
1.595
1.604
1.612
1.6085
1.598
1.611
1.6115
1.6105
1.6065
1.617
1.611
1.604
1.611
1.608
1.609
1.6125
1.611
1.612
