0.1085
0.1425
0.1815
0.1955
0.2215
0.2335
0.2435
0.2635
0.284
0.285
0.2965
0.3075
0.317
0.324
0.336
0.3335
0.3375
0.3285
0.346
0.3485
0.357
0.351
0.3555
0.365
0.3625
0.369
0.3715
0.375
0.3855
0.3775
0.3765
0.38
0.39
0.3835
0.3935
0.39
0.3895
0.3975
0.4025
0.4015
0.4075
0.3995
0.4065
0.41
0.4065
0.411
0.409
0.417
0.4175
0.424
0.418
0.424
0.425
0.4215
0.4245
0.421
0.4225
0.423
0.426
0.4325
0.4365
0.4325
0.4325
0.4285
0.4375
0.4385
0.438
0.4455
0.43
0.4415
0.4345
0.4385
0.442
0.445
0.4415
0.444
0.4395
0.447
0.4455
0.45
0.4435
0.447
0.447
0.44
0.4605
0.45
0.442
0.4545
0.448
0.4565
0.461
0.454
0.4625
0.468
0.458
0.4655
0.4735
0.466
0.4655
0.4635
0.4615
0.4665
0.467
0.463
0.4565
0.4675
0.465
0.461
0.468
0.4695
0.475
0.468
0.4695
0.475
0.471
0.474
0.473
0.477
0.476
0.4765
0.4835
0.4735
0.476
0.4705
0.486
0.4785
0.497
0.4865
0.4825
0.491
0.4845
0.4855
0.4885
0.486
0.478
0.4905
0.478
0.481
0.496
0.4925
0.4835
0.4885
0.483
0.486
0.4945
0.4855
0.501
0.4975
0.488
0.4895
0.486
0.492
0.4995
0.4915
0.5055
0.493
0.502
0.5025
0.498
0.494
0.4995
0.5005
0.4995
0.503
0.5085
0.5055
0.504
0.5035
0.508
0.505
0.5075
0.5125
0.5075
0.512
0.506
0.5215
0.5155
0.519
0.518
0.511
0.4965
0.5105
0.5105
0.513
0.5155
0.5125
0.5125
0.5135
0.5175
0.518
0.52
0.514
0.5155
0.521
0.5225
0.5245
0.5165
0.5115
0.521
0.5245
0.5265
0.5225
0.522
0.5155
0.5245
0.5195
0.5305
0.519
0.5285
0.524
0.5235
0.526
0.5265
0.5275
0.529
0.5285
0.538
0.529
0.5245
0.528
0.5405
0.53
0.536
0.5345
0.529
0.542
0.5335
0.533
0.5345
0.5375
0.544
0.545
0.5445
0.532
0.5435
0.548
0.5435
0.542
0.538
0.5425
0.5485
0.542
0.5455
0.5495
0.5515
0.548
0.554
0.5465
0.5575
0.551
0.5535
0.5435
0.5465
0.55
0.541
0.55
0.5555
0.556
0.5445
0.561
0.555
0.553
0.55
0.557
0.554
0.5505
0.5605
0.557
0.556
0.5555
0.5525
0.5545
0.563
0.5555
0.56
0.562
0.5585
0.558
0.562
0.5605
0.5585
0.5535
0.555
0.5725
0.5615
0.5615
0.571
0.5695
0.5715
0.5725
0.565
0.5745
0.578
0.576
0.5715
0.5685
0.578
0.5755
0.5765
0.577
0.576
0.5775
0.5805
0.581
0.5765
0.5785
0.576
0.588
0.5805
0.575
0.5845
0.5855
0.592
0.583
0.5885
0.588
0.5765
0.5755
0.5875
0.588
0.589
0.591
0.589
0.5915
0.5915
0.596
0.5975
0.584
0.591
0.6
0.591
0.596
0.595
0.592
0.6005
0.6015
0.6035
0.6005
0.586
0.5945
0.601
0.6035
0.601
0.6005
0.5985
0.602
0.6105
0.5965
0.605
0.608
0.603
0.599
0.606
0.611
0.6095
0.6165
0.605
0.614
0.6075
0.6055
0.606
0.5975
0.6035
0.6155
0.613
0.624
0.612
0.6115
0.6175
0.6155
0.6135
0.618
0.6165
0.608
0.611
0.605
0.618
0.619
0.6155
0.6095
0.606
0.62
0.617
0.619
0.6185
0.6185
0.6195
0.6155
0.6125
0.6135
0.6165
0.613
0.626
0.627
0.6175
0.6135
0.622
0.626
0.6215
0.6255
0.615
0.6205
0.6115
0.6265
0.6195
0.623
0.622
0.636
0.6315
0.618
0.635
0.638
0.6325
0.6215
0.6295
0.6335
0.63
0.6305
0.6405
0.6375
0.6355
0.632
0.6315
0.6315
0.6325
0.6325
0.64
0.633
0.6325
0.6415
0.6305
0.644
0.644
0.6385
0.6465
0.6455
0.636
0.635
0.635
0.6455
0.6495
0.634
0.636
0.644
0.6315
0.638
0.6485
0.6385
0.6435
0.653
0.647
0.649
0.6445
0.646
0.6485
0.6525
0.634
0.6385
0.631
0.6385
0.65
0.6485
0.6475
0.6455
0.645
0.6555
0.647
0.6475
0.659
0.6475
0.643
0.6565
0.6385
0.649
0.6575
0.6445
0.653
0.6545
0.663
0.6545
0.658
0.653
0.6545
0.6525
0.656
0.6495
0.654
0.6555
0.6555
0.665
0.6515
0.65
0.659
0.653
0.656
0.665
0.6585
0.6605
0.66
0.658
0.6595
0.654
0.6515
0.6635
0.6585
0.655
0.659
0.6575
0.655
0.6605
0.663
0.651
0.6705
0.6595
0.6635
0.661
0.66
0.6665
0.6565
0.664
0.664
0.656
0.663
0.6615
0.6685
0.6655
0.6705
0.6615
0.6645
0.668
0.6645
0.6625
0.6745
0.666
0.6715
0.6715
0.673
0.667
0.679
0.6595
0.6665
0.6695
0.6655
0.668
0.6635
0.666
0.651
0.6705
0.665
0.675
0.671
0.674
0.686
0.676
0.674
0.6775
0.681
0.6855
0.6765
0.677
0.681
0.6805
0.684
0.6765
0.6865
0.6775
0.6865
0.6835
0.684
0.668
0.679
0.696
0.682
0.6745
0.6815
0.6975
0.6945
0.687
0.683
0.688
0.6775
0.686
0.682
0.682
0.6845
0.7035
0.6825
0.6765
0.6925
0.686
0.6935
0.6965
0.693
0.6895
0.69
0.6875
0.688
0.6795
0.695
0.686
0.6935
0.689
0.692
0.6725
0.6865
0.689
0.6835
0.679
0.685
0.6905
0.689
0.6815
0.6935
0.692
0.6905
0.6965
0.69
0.7015
0.6995
0.6895
0.693
0.6905
0.698
0.686
0.7055
0.703
0.6935
0.6955
0.696
0.697
0.698
0.6985
0.6915
0.6995
0.6985
0.699
0.7025
0.696
0.696
0.6925
0.705
0.6985
0.6965
0.6945
0.6905
0.6995
0.702
0.695
0.7
0.7015
0.6935
0.689
0.7115
0.6895
0.6975
0.702
0.6925
0.702
0.7015
0.7025
0.7
0.6895
0.714
0.701
0.7115
0.7155
0.6995
0.704
0.692
0.71
0.7075
0.714
0.7215
0.7095
0.7245
0.7245
0.7075
0.7115
0.7105
0.7105
0.704
0.719
0.7035
0.7135
0.714
0.711
0.713
0.706
0.7135
0.7005
0.7025
0.7075
0.7175
0.7015
0.7015
0.709
0.7145
0.7165
0.7115
0.7185
0.7185
0.7095
0.7125
0.7235
0.727
0.718
0.7195
0.7225
0.7155
0.711
0.7165
0.714
0.712
0.708
0.7205
0.719
0.7125
0.721
0.7145
0.7165
0.7225
0.722
0.728
0.7175
0.724
0.728
0.732
0.73
0.7365
0.7205
0.728
0.736
0.7385
0.7255
0.726
0.7245
0.729
0.735
0.727
0.722
0.7345
0.732
0.7305
0.723
0.7345
0.73
0.739
0.7315
0.7365
0.7355
0.7335
0.733
0.7385
0.7305
0.7355
0.734
0.7395
0.7395
0.729
0.74
0.7285
0.727
0.725
0.726
0.726
0.7255
0.7305
0.731
0.723
0.7345
0.73
0.734
0.741
0.726
0.7325
0.7395
0.737
0.731
0.7335
0.7365
0.743
0.7345
0.7365
0.7405
0.729
0.7255
0.738
0.725
0.7355
0.732
0.7355
0.7305
0.735
0.731
0.7315
0.7315
0.729
0.7365
0.729
0.721
0.7305
0.743
0.744
0.736
0.735
0.7365
0.7365
0.732
0.7335
0.737
0.737
0.7395
0.731
0.7485
0.7465
0.732
0.734
0.735
0.7375
0.7325
0.7365
0.747
0.743
0.7475
0.7365
0.741
0.738
0.747
0.7445
0.75
0.749
0.7585
0.735
0.7375
0.7435
0.754
0.7515
0.7485
0.7635
0.7545
0.749
0.742
0.752
0.748
0.758
0.749
0.753
0.7575
0.7545
0.7495
0.7545
0.7545
0.7575
0.756
0.762
0.755
0.761
0.7525
0.755
0.752
0.753
0.7535
0.761
0.761
0.768
0.749
0.7645
0.76
0.755
0.7645
0.7545
0.7685
0.7585
0.7595
0.763
0.7595
0.7395
0.7625
0.7495
0.7645
0.7615
0.766
0.769
0.769
0.7635
0.7565
0.761
0.7725
0.765
0.7625
0.765
0.7715
0.7665
0.7615
0.763
0.76
0.765
0.765
0.7545
0.764
0.7645
0.765
0.7575
0.758
0.7615
0.773
0.764
0.7675
0.7605
0.773
0.7635
0.7675
0.765
0.764
0.7725
0.767
0.779
0.763
0.768
0.763
0.774
0.7775
0.7825
0.7765
0.768
0.777
0.773
0.779
0.7755
0.7725
0.766
0.781
0.775
0.7765
0.7805
0.7815
0.784
0.772
0.7765
0.7805
0.771
0.7785
0.7695
0.781
0.7775
0.7725
0.787
0.766
0.776
0.7715
0.7815
0.7855
0.786
0.7825
0.7715
0.7795
0.7815
0.784
0.7795
0.78
0.784
0.775
0.7715
0.7755
0.7745
0.7835
0.784
0.7775
0.7855
0.7815
0.7785
0.786
0.791
0.7825
0.7955
0.786
0.7785
0.784
0.772
0.7785
0.78
0.7795
0.778
0.7855
0.778
0.786
0.791
0.777
0.771
0.7725
0.7775
0.7765
0.7765
0.7725
0.7915
0.7895
0.7815
0.7825
0.784
0.7775
