0.0925
0.111
0.104
0.1025
0.1005
0.097
0.095
0.0925
0.0945
0.3885
0.222
0.163
0.121
0.1215
0.0885
0.0985
0.106
0.11
0.14
0.175
0.1835
0.208
0.17
0.174
0.144
0.1515
0.152
0.1675
0.149
0.1575
0.1625
0.161
0.163
0.163
0.1845
0.162
0.165
0.1675
0.167
0.18
0.1575
0.1795
0.182
0.1805
0.188
0.185
0.182
0.1745
0.175
0.196
0.179
0.1785
0.1805
0.199
0.196
0.1945
0.195
0.2005
0.208
0.2075
0.22
0.212
0.206
0.2095
0.208
0.2
0.2005
0.2055
0.2285
0.2105
0.226
0.224
0.2305
0.219
0.212
0.228
0.2445
0.236
0.246
0.2255
0.229
0.249
0.238
0.2335
0.244
0.2415
0.262
0.252
0.2725
0.2715
0.2655
0.2615
0.274
0.27
0.274
0.2815
0.2865
0.276
0.282
0.2845
0.2895
0.2985
0.2865
0.3045
0.2945
0.3285
0.3275
0.3085
0.323
0.3385
0.345
0.3315
0.3375
0.339
0.331
0.3245
0.3345
0.356
0.3555
0.347
0.3745
0.357
0.3725
0.3735
0.3895
0.3775
0.371
0.375
0.3875
0.3885
0.391
0.401
0.3905
0.387
0.4155
0.408
0.412
0.4225
0.4285
0.413
0.41
0.4195
0.4165
0.4235
0.4135
0.423
0.436
0.438
0.448
0.449
0.468
0.4575
0.469
0.4815
0.471
0.4845
0.49
0.5
0.4965
0.488
0.499
0.5015
0.512
0.504
0.504
0.5185
0.522
0.5255
0.524
0.5275
0.529
0.5275
0.53
0.527
0.525
0.5275
0.5375
0.5415
0.546
0.5395
0.5435
0.554
0.542
0.5495
0.5515
0.556
0.5655
0.5735
0.572
0.573
0.573
0.577
0.5815
0.586
0.5875
0.592
0.581
0.588
0.589
0.584
0.5875
0.5775
0.5905
0.606
0.61
0.6115
0.616
0.613
0.6155
0.6155
0.627
0.6225
0.6245
0.623
0.6285
0.633
0.6305
0.63
0.6405
0.6415
0.634
0.635
0.633
0.6335
0.632
0.636
0.6335
0.638
0.649
0.6485
0.642
0.6555
0.6545
0.656
0.654
0.6595
0.6685
0.6695
0.6585
0.661
0.6625
0.6655
0.661
0.664
0.668
0.6675
0.676
0.6815
0.681
0.6835
0.6895
0.6815
0.697
0.697
0.698
0.693
0.697
0.6955
0.693
0.6965
0.7005
0.702
0.7015
0.7105
0.7
0.7005
0.7105
0.714
0.7135
0.716
0.716
0.72
0.712
0.7105
0.706
0.7045
0.7085
0.7135
0.7135
0.7135
0.72
0.7205
0.7165
0.7175
0.717
0.7205
0.7235
0.7255
0.7295
0.7275
0.7235
0.723
0.7205
0.722
0.725
0.7245
0.7235
0.7255
0.7235
0.7285
0.7285
0.7335
0.733
0.734
0.736
0.743
0.7465
0.744
0.7435
0.7405
0.743
0.7375
0.7435
0.741
0.738
0.7335
0.7405
0.738
0.7375
0.7445
0.738
0.744
0.743
0.737
0.736
0.7345
0.738
0.741
0.741
0.7475
0.7455
0.747
0.747
0.7445
0.743
0.753
0.748
0.743
0.7515
0.749
0.7545
0.7515
0.754
0.7545
0.76
0.7655
0.7625
0.767
0.7655
0.7635
0.764
0.7675
0.7695
0.77
0.767
0.772
0.7705
0.7775
0.778
0.7755
0.7745
0.775
0.778
0.779
0.7765
0.778
0.7745
0.7775
0.7795
0.78
0.7765
0.774
0.777
0.78
0.7805
0.781
0.7795
0.7805
0.781
0.781
0.7725
0.7765
0.7735
0.7755
0.7805
0.779
0.7785
0.7775
0.7745
0.7725
0.78
0.7795
0.7755
0.7815
0.7835
0.7855
0.7885
0.7875
0.786
0.7815
0.782
0.784
0.7875
0.7865
0.784
0.789
0.788
0.787
0.789
0.7925
0.7945
0.798
0.797
0.8
0.8015
0.797
0.7945
0.7915
0.7935
0.791
0.792
0.7945
0.799
0.801
0.8015
0.801
0.7995
0.7975
0.796
0.798
0.799
0.8005
0.7995
0.7965
0.796
0.7975
0.7945
0.7985
0.7995
0.8005
0.804
0.804
0.8005
0.7995
0.7975
0.7965
0.7975
0.8025
0.8025
0.7985
0.8025
0.8
0.8005
0.799
0.799
0.8015
0.7975
0.801
0.8035
0.807
0.8075
0.809
0.806
0.809
0.808
0.8085
0.8085
0.8075
0.812
0.8125
0.809
0.809
0.811
0.8115
0.813
0.814
0.8105
0.8105
0.8095
0.812
0.813
0.8115
0.814
0.8125
0.8105
0.813
0.815
0.8155
0.8155
0.8165
0.8185
0.8195
0.8215
0.8205
0.8235
0.8245
0.825
0.8245
0.822
0.8265
0.8245
0.8255
0.828
0.828
0.8255
0.8265
0.8235
0.8265
0.825
0.8255
0.8255
0.8265
0.8255
0.825
0.824
0.82
0.8205
0.8205
0.819
0.8205
0.825
0.8205
0.822
0.821
0.821
0.8205
0.819
0.8225
0.82
0.8225
0.8235
0.819
0.8175
0.8215
0.8215
0.818
0.822
0.824
0.8275
0.828
0.825
0.8255
0.8225
0.82
0.821
0.8225
0.823
0.8245
0.825
0.8265
0.83
0.826
0.824
0.8275
0.8275
0.8275
0.8275
0.8245
0.8255
0.826
0.822
0.822
0.824
0.824
0.8225
0.82
0.8215
0.823
0.823
0.826
0.8295
0.829
0.8325
0.8305
0.831
0.835
0.8335
0.8355
0.832
0.8345
0.8355
0.836
0.832
0.8295
0.8325
0.83
0.833
0.833
0.8325
0.8285
0.83
0.833
0.8295
0.828
0.823
0.823
0.8265
0.8245
0.8245
0.8245
0.8265
0.8285
0.8295
0.831
0.83
0.8295
0.828
0.8295
0.8285
0.831
0.8325
0.831
0.831
0.83
0.8335
0.834
0.8345
0.8335
0.8295
0.8295
0.829
0.827
0.829
0.83
0.831
0.8325
0.8325
0.8335
0.832
0.8285
0.829
0.828
0.827
0.8275
0.829
0.828
0.8275
0.8305
0.8315
0.833
0.8325
0.8325
0.8325
0.832
0.832
0.834
0.835
0.8305
0.83
0.8325
0.8335
0.836
0.8355
0.834
0.8375
0.8375
0.838
0.8395
0.838
0.837
0.8385
0.838
0.8375
0.838
0.84
0.8375
0.8365
0.836
0.8395
0.838
0.839
0.841
0.842
0.844
0.842
0.844
0.844
0.8415
0.8405
0.84
0.8395
0.836
0.8325
0.8325
0.8345
0.8345
0.836
0.835
0.835
0.835
0.8375
0.838
0.8375
0.8375
0.8375
0.836
0.8345
0.8345
0.8345
0.836
0.837
0.838
0.8365
0.8395
0.841
0.84
0.84
0.841
0.8405
0.8415
0.8385
0.837
0.8365
0.8375
0.8375
0.838
0.8405
0.8405
0.843
0.8425
0.841
0.841
0.843
0.84
0.8415
0.842
0.8425
0.841
0.839
0.8395
0.838
0.838
0.838
0.8385
0.8375
0.839
0.839
0.84
0.8395
0.839
0.8395
0.841
0.84
0.841
0.8395
0.8365
0.837
0.8385
0.836
0.8325
0.834
0.833
0.832
0.835
0.8345
0.836
0.834
0.835
0.8335
0.836
0.833
0.833
0.836
0.8355
0.838
0.838
0.835
0.835
0.84
0.8385
0.839
0.8385
0.8395
0.8395
0.838
0.841
0.8405
0.842
0.8425
0.843
0.845
0.846
0.847
0.847
0.848
0.848
0.848
0.85
0.8485
0.847
0.8485
0.849
0.8465
0.847
0.848
0.847
0.847
0.8485
0.8485
0.847
0.8465
0.8475
0.8465
0.848
0.844
0.8425
0.8455
0.8465
0.8475
0.8465
0.8455
0.8435
0.8435
0.843
0.8455
0.8445
0.8445
0.8445
0.843
0.844
0.845
0.845
0.842
0.844
0.842
0.8405
0.8385
0.8415
0.842
0.8395
0.837
0.8385
0.8375
0.836
0.837
0.8355
0.835
0.8355
0.8355
0.834
0.835
0.8345
0.833
0.8325
0.8325
0.8305
0.8315
0.8305
0.8325
0.834
0.8345
0.8315
0.831
0.83
0.833
0.8335
0.835
0.8355
0.835
0.8325
0.831
0.8335
0.8335
0.832
0.8325
0.8335
0.836
0.8345
0.836
0.8355
0.835
0.8345
0.8355
0.8335
0.835
0.838
0.838
0.8375
0.8365
0.8385
0.8385
0.8385
0.8395
0.843
0.8395
0.8405
0.84
0.841
0.842
0.8425
0.8415
0.8395
0.839
0.838
0.8385
0.841
0.841
0.8405
0.843
0.8405
0.842
0.844
0.845
0.844
0.8455
0.845
0.8445
0.844
0.8455
0.845
0.8465
0.847
0.848
0.8485
0.849
0.848
0.847
0.8475
0.85
0.8485
0.85
0.851
0.852
0.8525
0.852
0.851
0.852
0.8525
0.85
0.8515
0.8535
0.8515
0.852
0.85
0.851
0.851
0.8525
0.853
0.8525
0.854
0.853
0.852
0.8515
0.8505
0.8525
0.8525
0.8515
0.8505
0.8485
0.849
0.851
0.8505
0.851
0.851
0.85
0.8495
0.852
0.8515
0.8535
0.8525
0.8535
0.8525
0.851
0.8495
0.852
0.85
0.851
0.8515
0.853
0.854
0.8535
0.852
0.853
0.854
0.853
0.852
0.852
0.85
0.851
0.8495
0.849
0.85
0.8495
0.8495
0.849
0.8475
0.85
0.85
0.8485
0.8475
0.849
0.8495
0.849
0.849
0.8505
0.852
0.8505
0.85
0.8515
0.852
