52,1
562,2
1389,3
1469,4
1697,5
1739,6
1973,7
2066,8
2110,9
2244,10
2281,11
2314,12
2349,13
2399,14
2555,15
2595,16
2616,17
2649,18
2676,19
2733,20
2786,21
2802,22
2846,23
2900,24
2943,25
3369,26
3396,27
3420,28
3451,29
3477,30
3582,31
3644,32
3776,33
3864,34
3883,35
3930,36
4053,37
4111,38
4127,39
4149,40
4171,41
4191,42
4242,43
4261,44
4301,45
4372,46
4463,47
4496,48
4542,49
4580,50
4589,51
4610,52
4663,53
4753,54
4762,55
4771,56
4784,57
4793,58
4816,59
4826,60
4835,61
4856,62
4895,63
4929,64
4959,65
5026,66
5092,67
5099,68
5115,69
5134,70
5168,71
5207,72
5257,73
5277,74
5288,75
5300,76
5315,77
5326,78
5351,79
5396,80
5403,81
5410,82
5417,83
5424,84
5431,85
5438,86
5445,87
5452,88
5459,89
5488,90
5495,91
5502,92
5518,93
5525,94
5576,95
5610,96
5633,97
5645,98
5653,99
5661,100
5669,101
5677,102
5685,103
5696,104
5716,105
5733,106
5743,107
5802,108
5812,109
5820,110
5839,111
5868,112
5898,113
5913,114
5923,115
5935,116
5958,117
5974,118
5982,119
5990,120
6002,121
6016,122
6073,123
6088,124
6105,125
6113,126
6124,127
6134,128
6148,129
6156,130
6172,131
6193,132
6210,133
6221,134
6229,135
6241,136
6249,137
6258,138
6266,139
6286,140
6296,141
6304,142
6337,143
6366,144
6375,145
6383,146
6407,147
6430,148
6440,149
6455,150
6462,151
6470,152
6486,153
6493,154
6501,155
6515,156
6553,157
6565,158
6576,159
6584,160
6592,161
6600,162
6608,163
6616,164
6624,165
6632,166
6640,167
6648,168
6656,169
6667,170
6687,171
6695,172
6718,173
6728,174
6739,175
6749,176
6759,177
6769,178
6779,179
6787,180
6797,181
6805,182
6813,183
6822,184
6832,185
6840,186
6848,187
6857,188
6872,189
6880,190
6888,191
6896,192
6908,193
6915,194
6924,195
6944,196
6955,197
6969,198
6977,199
6989,200
7005,201
7040,202
7052,203
7060,204
7068,205
7088,206
7102,207
7110,208
7118,209
7132,210
7140,211
7160,212
7168,213
7177,214
7197,215
7227,216
7235,217
7244,218
7252,219
7271,220
7291,221
7299,222
7307,223
7315,224
7325,225
7334,226
7345,227
7353,228
7373,229
7399,230
7431,231
7454,232
7475,233
7483,234
7507,235
7518,236
7544,237
7560,238
7576,239
7584,240
7592,241
7600,242
7615,243
7623,244
7631,245
7643,246
7659,247
7678,248
7693,249
7732,250
7742,251
7751,252
7780,253
7789,254
7798,255
7809,256
7818,257
7827,258
7836,259
7847,260
7856,261
7865,262
7874,263
7883,264
7892,265
7901,266
7932,267
7943,268
7953,269
7965,270
8014,271
